{
    "1Q": [ //native single-qubit gates of the target hardware
        "id",
        "sx",
        "x",
        "u3"
    ],
    "2Q": [ //native two-qubit gate of the target hardware
        "cx"
    ],
    "id": {
        "0": 1, //"qubit" : success probability of id
        "1": 1,
        "2": 1,
        "3": 1,
        "4": 1,
        "5": 1,
        "6": 1,
        "7": 1,
        "8": 1,
        "9": 1,
        "10": 1,
        "11": 1,
        "12": 1,
        "13": 1,
        "14": 1,
        "15": 1,
        "16": 1,
        "17": 1,
        "18": 1,
        "19": 1,
		"20": 1,
		"21": 1,
		"22": 1,
		"23": 1,
		"24": 1,
		"25": 1,
		"26": 1,
		"27": 1,
		"28": 1,
		"29": 1,
		"30": 1,
		"31": 1,
		"32": 1,
		"33": 1,
		"34": 1,
		"35": 1,
		"36": 1,
		"37": 1,
		"38": 1,
		"39": 1,
		"40": 1,
		"41": 1,
		"42": 1,
		"43": 1,
		"44": 1,
		"45": 1,
		"46": 1,
		"47": 1,
		"48": 1,
		"49": 1,
		"50": 1,
		"51": 1,
		"52": 1,
		"53": 1,
		"54": 1,
		"55": 1,
		"56": 1,
		"57": 1,
		"58": 1,
		"59": 1,
		"60": 1,
		"61": 1,
		"62": 1,
		"63": 1,
		"64": 1
    },
    "sx": {
        "0": 1, //"qubit" : success probability of sx 
        "1": 1,
        "2": 1,
        "3": 1,
        "4": 1,
        "5": 1,
        "6": 1,
        "7": 1,
        "8": 1,
        "9": 1,
        "10": 1,
        "11": 1,
        "12": 1,
        "13": 1,
        "14": 1,
        "15": 1,
        "16": 1,
        "17": 1,
        "18": 1,
        "19": 1,
		"20": 1,
		"21": 1,
		"22": 1,
		"23": 1,
		"24": 1,
		"25": 1,
		"26": 1,
		"27": 1,
		"28": 1,
		"29": 1,
		"30": 1,
		"31": 1,
		"32": 1,
		"33": 1,
		"34": 1,
		"35": 1,
		"36": 1,
		"37": 1,
		"38": 1,
		"39": 1,
		"40": 1,
		"41": 1,
		"42": 1,
		"43": 1,
		"44": 1,
		"45": 1,
		"46": 1,
		"47": 1,
		"48": 1,
		"49": 1,
		"50": 1,
		"51": 1,
		"52": 1,
		"53": 1,
		"54": 1,
		"55": 1,
		"56": 1,
		"57": 1,
		"58": 1,
		"59": 1,
		"60": 1,
		"61": 1,
		"62": 1,
		"63": 1,
		"64": 1
    },
    "x": {
        "0": 1, //"qubit" : success probability of x
        "1": 1,
        "2": 1,
        "3": 1,
        "4": 1,
        "5": 1,
        "6": 1,
        "7": 1,
        "8": 1,
        "9": 1,
        "10": 1,
        "11": 1,
        "12": 1,
        "13": 1,
        "14": 1,
        "15": 1,
        "16": 1,
        "17": 1,
        "18": 1,
        "19": 1,
		"20": 1,
		"21": 1,
		"22": 1,
		"23": 1,
		"24": 1,
		"25": 1,
		"26": 1,
		"27": 1,
		"28": 1,
		"29": 1,
		"30": 1,
		"31": 1,
		"32": 1,
		"33": 1,
		"34": 1,
		"35": 1,
		"36": 1,
		"37": 1,
		"38": 1,
		"39": 1,
		"40": 1,
		"41": 1,
		"42": 1,
		"43": 1,
		"44": 1,
		"45": 1,
		"46": 1,
		"47": 1,
		"48": 1,
		"49": 1,
		"50": 1,
		"51": 1,
		"52": 1,
		"53": 1,
		"54": 1,
		"55": 1,
		"56": 1,
		"57": 1,
		"58": 1,
		"59": 1,
		"60": 1,
		"61": 1,
		"62": 1,
		"63": 1,
		"64": 1
    },
    "u3": {
        "0": 1, //"qubit" : success probability of u3
        "1": 1,
        "2": 1,
        "3": 1,
        "4": 1,
        "5": 1,
        "6": 1,
        "7": 1,
        "8": 1,
        "9": 1,
        "10": 1,
        "11": 1,
        "12": 1,
        "13": 1,
        "14": 1,
        "15": 1,
        "16": 1,
        "17": 1,
        "18": 1,
        "19": 1,
		"20": 1,
		"21": 1,
		"22": 1,
		"23": 1,
		"24": 1,
		"25": 1,
		"26": 1,
		"27": 1,
		"28": 1,
		"29": 1,
		"30": 1,
		"31": 1,
		"32": 1,
		"33": 1,
		"34": 1,
		"35": 1,
		"36": 1,
		"37": 1,
		"38": 1,
		"39": 1,
		"40": 1,
		"41": 1,
		"42": 1,
		"43": 1,
		"44": 1,
		"45": 1,
		"46": 1,
		"47": 1,
		"48": 1,
		"49": 1,
		"50": 1,
		"51": 1,
		"52": 1,
		"53": 1,
		"54": 1,
		"55": 1,
		"56": 1,
		"57": 1,
		"58": 1,
		"59": 1,
		"60": 1,
		"61": 1,
		"62": 1,
		"63": 1,
		"64": 1
    },
    "cx": {
        "(0,10)": 0.98456,
		"(0,1)": 0.98828,
		"(1,0)": 0.98828,
		"(1,2)": 0.98474,
		"(2,1)": 0.98474,
		"(2,3)": 0.98373,
		"(3,4)": 0.98628,
		"(3,2)": 0.98373,
		"(4,3)": 0.98628,
		"(4,5)": 0.98572,
		"(4,11)": 0.98754,
		"(5,4)": 0.98572,
		"(5,6)": 0.990619,
		"(6,5)": 0.990619,
		"(6,7)": 0.98836,
		"(7,6)": 0.98836,
		"(7,8)": 0.98633,
		"(8,9)": 0.98596,
		"(8,12)": 0.97226,
		"(8,7)": 0.98633,
		"(9,8)": 0.98596,
		"(10,0)": 0.98456,
		"(10,13)": 0.98532,
		"(11,4)": 0.98754,
		"(11,17)": 0.990105,
		"(12,21)": 0.98233,
		"(12,8)": 0.97226,
		"(13,10)": 0.98532,
		"(13,14)": 0.97344,
		"(14,15)": 0.96496,
		"(14,13)": 0.97344,
		"(15,14)": 0.96496,
		"(15,16)": 0.9893,
		"(15,24)": 0.990483,
		"(16,15)": 0.9893,
		"(16,17)": 0.98815,
		"(17,16)": 0.98815,
		"(17,18)": 0.98917,
		"(17,11)": 0.990105,
		"(18,19)": 0.98768,
		"(18,17)": 0.98917,
		"(19,20)": 0.98823,
		"(19,18)": 0.98768,
		"(19,25)": 0.98268,
		"(20,21)": 0.990677,
		"(20,19)": 0.98823,
		"(21,12)": 0.98233,
		"(21,22)": 0.98273,
		"(21,20)": 0.990677,
		"(22,21)": 0.98273,
		"(22,23)": 0.98439,
		"(23,26)": 0.98306,
		"(23,22)": 0.98439,
		"(24,29)": 0.97622,
		"(24,15)": 0.990483,
		"(25,33)": 0.97957,
		"(25,19)": 0.98268,
		"(26,23)": 0.98306,
		"(26,37)": 0.991937,
		"(27,38)": 0.98922,
		"(27,28)": 0.98154,
		"(28,29)": 0.97706,
		"(28,27)": 0.98154,
		"(29,24)": 0.97622,
		"(29,28)": 0.97706,
		"(29,30)": 0.98777,
		"(30,31)": 0.98889,
		"(30,29)": 0.98777,
		"(31,30)": 0.98889,
		"(31,32)": 0.98567,
		"(31,39)": 0.98831,
		"(32,31)": 0.98567,
		"(32,33)": 0.97674,
		"(33,32)": 0.97674,
		"(33,25)": 0.97957,
		"(33,34)": 0.98744,
		"(34,35)": 0.9868,
		"(34,33)": 0.98744,
		"(35,34)": 0.9868,
		"(35,40)": 0.98925,
		"(35,36)": 0.98781,
		"(36,37)": 0.97626,
		"(36,35)": 0.98781,
		"(37,26)": 0.991937,
		"(37,36)": 0.97626,
		"(38,41)": 0.98827,
		"(38,27)": 0.98922,
		"(39,45)": 0.98391,
		"(39,31)": 0.98831,
		"(40,49)": 0.98763,
		"(40,35)": 0.98925,
		"(41,38)": 0.98827,
		"(41,42)": 0.9828,
		"(42,41)": 0.9828,
		"(42,43)": 0.98413,
		"(43,42)": 0.98413,
		"(43,44)": 0.98663,
		"(43,52)": 0.98469,
		"(44,43)": 0.98663,
		"(44,45)": 0.98864,
		"(45,44)": 0.98864,
		"(45,39)": 0.98391,
		"(45,46)": 0.98236,
		"(46,47)": 0.98913,
		"(46,45)": 0.98236,
		"(47,48)": 0.990802,
		"(47,53)": 0.98971,
		"(47,46)": 0.98913,
		"(48,47)": 0.990802,
		"(48,49)": 0.991679,
		"(49,40)": 0.98763,
		"(49,50)": 0.98824,
		"(49,48)": 0.991679,
		"(50,51)": 0.98917,
		"(50,49)": 0.98824,
		"(51,50)": 0.98917,
		"(51,54)": 0.9795,
		"(52,43)": 0.98469,
		"(52,56)": 0.98719,
		"(53,47)": 0.98971,
		"(53,60)": 0.990736,
		"(54,64)": 0.95139,
		"(54,51)": 0.9795,
		"(55,56)": 0.98258,
		"(56,57)": 0.97288,
		"(56,55)": 0.98258,
		"(56,52)": 0.98719,
		"(57,56)": 0.97288,
		"(57,58)": 0.98745,
		"(58,57)": 0.98745,
		"(58,59)": 0.98825,
		"(59,60)": 0.98804,
		"(59,58)": 0.98825,
		"(60,53)": 0.990736,
		"(60,59)": 0.98804,
		"(60,61)": 0.98401,
		"(61,62)": 0.97262,
		"(61,60)": 0.98401,
		"(62,61)": 0.97262,
		"(62,63)": 0.97965,
		"(63,62)": 0.97965,
		"(63,64)": 0.97471,
		"(64,54)": 0.95139,
		"(64,63)": 0.97471
    }
}
